  0.99773242630385495     
  0.97057823129251708     
  0.94092970521541952     
  0.91507936507936516     
  0.88078231292517006     
  0.84909297052154198     
  0.81967120181405895     
  0.78395691609977325     
  0.74971655328798192     
  0.71530612244897962     
  0.69053287981859413     
  0.65634920634920635     
  0.62477324263038547     
  0.60005668934240364     
  0.57426303854875282     
  0.54620181405895696     
  0.51575963718820861     
  0.48866213151927440     
  0.46513605442176875     
  0.44030612244897960     
  0.42154195011337869     
  0.40498866213151929     
  0.39002267573696148     
  0.37120181405895691     
  0.35153061224489796     
  0.33418367346938777     
  0.31462585034013607     
  0.30742630385487529     
  0.29659863945578235     
  0.28112244897959188     
  0.27069160997732428     
  0.26706349206349206     
  0.25504535147392293     
  0.23786848072562358     
  0.23339002267573697     
  0.22176870748299321     
  0.21371882086167801     
  0.20623582766439910     
  0.19727891156462585     
  0.18860544217687075     
  0.18492063492063493     
  0.17619047619047620     
  0.16961451247165535     
  0.15844671201814059     
  0.15311791383219955     
  0.14427437641723356     
  0.13803854875283447     
  0.13027210884353743     
  0.12500000000000000     
  0.12443310657596372     
  0.12324263038548754     
  0.12040816326530612     
  0.12227891156462585     
  0.12148526077097506     
  0.11859410430839003     
  0.11638321995464854     
  0.11377551020408164     
  0.11621315192743764     
  0.11366213151927439     
  0.11581632653061225     
  0.11037414965986395     
  0.10623582766439910     
  0.10714285714285715     
  0.10816326530612246     
  0.10419501133786849     
  0.10334467120181406     
   9.9092970521541951E-002
   9.4841269841269851E-002
   9.2233560090702951E-002
   9.1950113378684806E-002
   9.1780045351473924E-002
   8.8378684807256247E-002
   8.5487528344671201E-002
   8.7131519274376415E-002
   8.3560090702947856E-002
   8.4126984126984133E-002
   8.1009070294784588E-002
   8.0328798185941047E-002
   7.8174603174603174E-002
   7.8117913832199556E-002
   7.9648526077097506E-002
   8.1802721088435379E-002
   7.6700680272108843E-002
   8.0045351473922902E-002
   8.1235827664399102E-002
   8.0498866213151929E-002
   7.9024943310657597E-002
   7.4036281179138325E-002
   7.2675736961451257E-002
   7.0181405895691620E-002
   7.0351473922902502E-002
   7.1428571428571438E-002
   6.6836734693877548E-002
   6.9217687074829934E-002
   7.1938775510204084E-002
   7.3696145124716561E-002
   7.1938775510204084E-002
   7.1995464852607716E-002
   7.3866213151927443E-002
   7.4036281179138325E-002
   7.3242630385487534E-002
   7.3922902494331075E-002
   7.3242630385487534E-002
   6.9671201814058961E-002
   7.0634920634920634E-002
   7.0011337868480725E-002
   7.0124716553287988E-002
   7.2392290249433111E-002
   7.0691609977324266E-002
   7.1371882086167807E-002
   7.2732426303854875E-002
   7.2959183673469388E-002
   7.3356009070294784E-002
   7.2448979591836743E-002
   7.7154195011337870E-002
   7.9195011337868479E-002
   7.6247165532879829E-002
   7.9648526077097506E-002
   8.1916099773242629E-002
   8.0725623582766443E-002
   8.2029478458049893E-002
   7.7664399092970529E-002
   7.8231292517006806E-002
   7.8061224489795925E-002
   7.3015873015873020E-002
   7.0294784580498870E-002
   6.9331065759637198E-002
   6.6780045351473930E-002
   6.4512471655328807E-002
   6.3548752834467120E-002
   6.3775510204081634E-002
   6.4285714285714293E-002
   6.7006802721088443E-002
   6.7913832199546484E-002
   6.6893424036281179E-002
   6.4229024943310661E-002
   6.2585034013605448E-002
   6.3038548752834475E-002
   6.2528344671201816E-002
   6.1281179138321998E-002
   6.1734693877551025E-002
   6.1848072562358282E-002
   6.1564625850340136E-002
   6.2301587301587302E-002
   6.0827664399092971E-002
   6.0374149659863950E-002
   5.8560090702947848E-002
   5.7086167800453516E-002
   6.2698412698412698E-002
   6.1394557823129255E-002
   6.0034013605442180E-002
   5.8106575963718821E-002
   5.8616780045351480E-002
   6.0714285714285721E-002
   6.3151927437641725E-002
   6.3038548752834475E-002
   6.8367346938775511E-002
   6.5816326530612243E-002
   6.4229024943310661E-002
   6.3775510204081634E-002
   6.5702947845804993E-002
   6.7233560090702957E-002
   6.7687074829931970E-002
   6.4512471655328807E-002
   6.6213151927437638E-002
   7.0181405895691620E-002
   6.7290249433106575E-002
   6.6609977324263048E-002
   6.3265306122448989E-002
   5.9920634920634923E-002
   5.9183673469387757E-002
   6.0827664399092971E-002
   5.9070294784580500E-002
   5.9240362811791389E-002
   6.0544217687074832E-002
   5.7086167800453516E-002
   5.5782312925170073E-002
   5.8106575963718821E-002
   6.0544217687074832E-002
   6.1791383219954650E-002
   5.9863945578231298E-002
   5.9410430839002271E-002
   6.2868480725623579E-002
   6.4455782312925175E-002
   6.6723356009070298E-002
   6.7517006802721088E-002
   6.7233560090702957E-002
   6.8253968253968261E-002
   6.6496598639455784E-002
   6.7687074829931970E-002
   7.1258503401360543E-002
   7.1598639455782320E-002
   7.4149659863945588E-002
   7.4092970521541957E-002
   7.6247165532879829E-002
   7.6530612244897961E-002
   7.5907029478458052E-002
   7.7040816326530620E-002
   7.5566893424036288E-002
   7.3356009070294784E-002
   7.3412698412698416E-002
   7.5113378684807261E-002
   7.2562358276643993E-002
   7.0351473922902502E-002
   7.2505668934240361E-002
   7.2959183673469388E-002
   7.3639455782312929E-002
   7.2108843537414966E-002
   7.4489795918367352E-002
   7.2562358276643993E-002
   7.2675736961451257E-002
   7.0918367346938779E-002
   7.0464852607709752E-002
   7.1598639455782320E-002
   7.2222222222222229E-002
   7.2562358276643993E-002
   6.9331065759637198E-002
   6.9444444444444448E-002
   7.2222222222222229E-002
   7.2222222222222229E-002
   7.1598639455782320E-002
   6.9274376417233566E-002
   6.5873015873015875E-002
   6.9104308390022684E-002
   7.0181405895691620E-002
   7.1258503401360543E-002
   7.3412698412698416E-002
   7.4603174603174602E-002
   7.2108843537414966E-002
   7.1882086167800452E-002
   7.3866213151927443E-002
   7.5056689342403629E-002
   7.2562358276643993E-002
   7.1882086167800452E-002
   7.2108843537414966E-002
   6.8027210884353748E-002
   6.7346938775510207E-002
   6.8310657596371879E-002
   6.9331065759637198E-002
   6.7063492063492061E-002
   7.0691609977324266E-002
   7.2732426303854875E-002
   7.3752834467120179E-002
   6.8650793650793657E-002
   6.9217687074829934E-002
   6.6553287981859416E-002
   6.0997732426303859E-002
   6.2585034013605448E-002
   6.3208616780045357E-002
   6.2074829931972796E-002
   6.3662131519274384E-002
   5.7879818594104314E-002
   5.9183673469387757E-002
   5.9807256235827666E-002
   5.9410430839002271E-002
   5.7993197278911571E-002
   5.9807256235827666E-002
   6.1167800453514741E-002
   6.1564625850340136E-002
   5.9410430839002271E-002
   5.7369614512471662E-002
   5.8956916099773243E-002
   5.5555555555555559E-002
   5.6972789115646259E-002
   5.5725623582766441E-002
   5.7709750566893425E-002
   5.9807256235827666E-002
   6.0260770975056693E-002
   6.1451247165532880E-002
   5.9353741496598646E-002
   6.0600907029478464E-002
   5.9013605442176875E-002
   6.0941043083900227E-002
   6.0544217687074832E-002
   5.9297052154195014E-002
   6.0544217687074832E-002
   5.9240362811791389E-002
   5.6462585034013607E-002
   5.7369614512471662E-002
   5.8446712018140591E-002
   6.0204081632653061E-002
   5.7993197278911571E-002
   5.8560090702947848E-002
   5.6689342403628121E-002
   5.5952380952380955E-002
   5.6122448979591837E-002
   5.5668934240362816E-002
   5.4421768707482998E-002
   5.2324263038548757E-002
   5.5555555555555559E-002
   5.8560090702947848E-002
   6.2811791383219961E-002
   6.4229024943310661E-002
   6.1678004535147393E-002
   6.0430839002267575E-002
   6.4512471655328807E-002
   6.3265306122448989E-002
   6.1904761904761907E-002
   6.2414965986394559E-002
   6.3321995464852607E-002
   6.6383219954648534E-002
   6.9217687074829934E-002
   6.6269841269841270E-002
   7.0351473922902502E-002
   7.0918367346938779E-002
   7.1768707482993202E-002
   7.1315192743764175E-002
   7.2392290249433111E-002
   7.6530612244897961E-002
   7.8854875283446715E-002
   8.0272108843537415E-002
   7.5226757369614511E-002
   7.4773242630385497E-002
   7.3242630385487534E-002
   7.8628117913832202E-002
   7.6984126984126988E-002
   7.5566893424036288E-002
   7.5850340136054420E-002
   7.6303854875283447E-002
   7.8174603174603174E-002
   7.8174603174603174E-002
   7.6417233560090711E-002
   7.3526077097505679E-002
   7.1598639455782320E-002
   7.1031746031746029E-002
   7.0068027210884357E-002
   7.1825396825396834E-002
   7.0861678004535147E-002
   6.9671201814058961E-002
   7.0578231292517016E-002
   6.6043083900226757E-002
   6.5702947845804993E-002
   6.7176870748299325E-002
   6.6666666666666666E-002
   6.6383219954648534E-002
   6.3265306122448989E-002
   6.6553287981859416E-002
   6.5079365079365084E-002
   6.3378684807256239E-002
   6.5079365079365084E-002
   6.4795918367346939E-002
   6.4285714285714293E-002
   6.1791383219954650E-002
   6.2528344671201816E-002
   6.1848072562358282E-002
   6.0884353741496602E-002
   6.2698412698412698E-002
   6.1167800453514741E-002
   6.2358276643990934E-002
   6.0317460317460318E-002
   6.0884353741496602E-002
   6.0147392290249437E-002
   5.7596371882086168E-002
   5.9070294784580500E-002
   6.3832199546485266E-002
   6.2358276643990934E-002
   6.3718820861678002E-002
   6.1791383219954650E-002
   6.3265306122448989E-002
   6.4058956916099780E-002
   6.5419501133786848E-002
   6.3605442176870752E-002
   6.3945578231292516E-002
   6.4682539682539689E-002
   6.4455782312925175E-002
   6.3888888888888898E-002
   6.2641723356009080E-002
   6.1904761904761907E-002
   6.1621315192743768E-002
   6.5249433106575966E-002
   6.8083900226757380E-002
   7.1088435374149661E-002
   6.9444444444444448E-002
   7.3469387755102047E-002
   7.6077097505668934E-002
   7.4773242630385497E-002
   7.1995464852607716E-002
   7.1598639455782320E-002
   6.8424036281179143E-002
   7.0918367346938779E-002
   7.3356009070294784E-002
   7.3809523809523811E-002
   7.6133786848072565E-002
   7.4999999999999997E-002
   7.0068027210884357E-002
   6.9841269841269843E-002
   6.9217687074829934E-002
   6.9954648526077107E-002
   7.0804988662131529E-002
   7.0124716553287988E-002
   7.1145124716553293E-002
   6.8764172335600907E-002
   7.1371882086167807E-002
   7.4999999999999997E-002
   7.4943310657596379E-002
   7.6984126984126988E-002
   7.8741496598639465E-002
   7.8004535147392293E-002
   8.0555555555555561E-002
   7.6757369614512475E-002
   7.6700680272108843E-002
   8.1575963718820865E-002
   8.3106575963718829E-002
   8.3673469387755106E-002
   8.4297052154195015E-002
   8.2879818594104315E-002
   8.4637188208616779E-002
   8.3900226757369620E-002
   8.1122448979591838E-002
   8.2709750566893434E-002
   8.3163265306122447E-002
   8.4467120181405897E-002
   8.0839002267573706E-002
   8.0952380952380956E-002
   8.3106575963718829E-002
   7.8061224489795925E-002
   7.9024943310657597E-002
   7.6814058956916106E-002
   7.6700680272108843E-002
   7.3979591836734693E-002
   7.8854875283446715E-002
   8.0102040816326534E-002
   7.8684807256235834E-002
   7.7040816326530620E-002
   7.7947845804988661E-002
   8.0045351473922902E-002
   7.7097505668934238E-002
   7.8117913832199556E-002
   7.3185941043083902E-002
   7.2959183673469388E-002
   7.2959183673469388E-002
   7.4886621315192747E-002
   7.4829931972789115E-002
   7.1712018140589570E-002
   7.1938775510204084E-002
   7.4149659863945588E-002
   7.6643990929705225E-002
   7.3469387755102047E-002
   7.1712018140589570E-002
   7.2619047619047625E-002
   7.4376417233560088E-002
   7.4999999999999997E-002
   7.3752834467120179E-002
   7.1088435374149661E-002
   7.0691609977324266E-002
   7.0521541950113384E-002
   7.4659863945578234E-002
   7.5453514739229025E-002
   7.5907029478458052E-002
   7.6133786848072565E-002
   7.5680272108843538E-002
   7.6473922902494329E-002
   7.6190476190476197E-002
   7.3979591836734693E-002
   7.3639455782312929E-002
   7.1485260770975056E-002
   7.2675736961451257E-002
   6.9160997732426302E-002
   7.0691609977324266E-002
   7.2165532879818597E-002
   7.1428571428571438E-002
   7.1825396825396834E-002
   7.1768707482993202E-002
   7.1768707482993202E-002
   6.6950113378684811E-002
   6.8594104308390025E-002
   6.7403628117913839E-002
   7.1541950113378688E-002
   6.9954648526077107E-002
   7.1655328798185938E-002
   7.2902494331065756E-002
   7.5907029478458052E-002
   7.7210884353741502E-002
   8.0782312925170074E-002
   8.6054421768707492E-002
   8.3956916099773252E-002
   8.2426303854875288E-002
   8.2993197278911565E-002
   8.2482993197278920E-002
   8.1179138321995470E-002
   8.3446712018140592E-002
   8.4750566893424042E-002
   8.4977324263038556E-002
   8.6961451247165533E-002
   8.4070294784580502E-002
   8.6111111111111110E-002
   9.0079365079365079E-002
   8.7074829931972797E-002
   8.4523809523809529E-002
   8.1349206349206352E-002
   8.3730158730158738E-002
   8.2199546485260774E-002
   7.8911564625850347E-002
   8.1009070294784588E-002
   7.9138321995464861E-002
   7.7947845804988661E-002
   7.6984126984126988E-002
   7.5510204081632656E-002
   7.7210884353741502E-002
   7.6077097505668934E-002
   7.6020408163265316E-002
   7.8854875283446715E-002
   7.4829931972789115E-002
   7.6077097505668934E-002
   7.2052154195011348E-002
   7.5056689342403629E-002
   7.4092970521541957E-002
   7.7494331065759647E-002
   7.4319727891156470E-002
   7.7551020408163265E-002
   7.4376417233560088E-002
   7.4036281179138325E-002
   7.5850340136054420E-002
   7.8004535147392293E-002
   7.7380952380952384E-002
   7.6530612244897961E-002
   7.8458049886621320E-002
   8.0498866213151929E-002
   7.9195011337868479E-002
   8.0385487528344679E-002
   7.8401360544217688E-002
   8.1009070294784588E-002
   8.1179138321995470E-002
   7.9988662131519284E-002
   8.0668934240362811E-002
   7.8061224489795925E-002
   7.9251700680272111E-002
   7.7267573696145134E-002
   7.5907029478458052E-002
   7.7097505668934238E-002
   7.5963718820861684E-002
   7.8458049886621320E-002
   7.4433106575963720E-002
   7.4319727891156470E-002
   7.5396825396825407E-002
   7.1882086167800452E-002
   6.7800453514739234E-002
   6.8650793650793657E-002
   6.4852607709750570E-002
   6.2811791383219961E-002
   6.1904761904761907E-002
   6.1621315192743768E-002
   6.0147392290249437E-002
   6.2641723356009080E-002
   6.4795918367346939E-002
   6.3775510204081634E-002
   6.6553287981859416E-002
   6.3265306122448989E-002
   6.3775510204081634E-002
   6.6439909297052152E-002
   6.7970521541950116E-002
   6.8140589569160998E-002
   7.0068027210884357E-002
   6.8764172335600907E-002
   6.9954648526077107E-002
   6.9727891156462593E-002
   6.7517006802721088E-002
   6.7970521541950116E-002
   6.9784580498866211E-002
   6.7970521541950116E-002
   6.8934240362811788E-002
   7.2448979591836743E-002
   7.4603174603174602E-002
   7.5793650793650802E-002
   7.4829931972789115E-002
   7.4829931972789115E-002
   7.7097505668934238E-002
   7.9988662131519284E-002
   7.9931972789115652E-002
   8.3503401360544224E-002
   8.2936507936507947E-002
   8.5941043083900229E-002
   8.3163265306122447E-002
   7.8854875283446715E-002
   7.6303854875283447E-002
   7.7834467120181411E-002
   7.6587301587301593E-002
   7.5793650793650802E-002
   7.3582766439909297E-002
   7.6133786848072565E-002
   7.6360544217687079E-002
   7.4886621315192747E-002
   7.4829931972789115E-002
   7.6247165532879829E-002
   7.5396825396825407E-002
   7.2052154195011348E-002
   7.1088435374149661E-002
   6.7913832199546484E-002
   6.7630385487528352E-002
   6.9444444444444448E-002
   6.6723356009070298E-002
   6.3378684807256239E-002
   6.8310657596371879E-002
   6.6780045351473930E-002
   6.8820861678004538E-002
   6.9160997732426302E-002
   6.9047619047619052E-002
   6.8367346938775511E-002
   6.9387755102040816E-002
   6.4399092970521543E-002
   6.4285714285714293E-002
   6.4399092970521543E-002
   6.2981859410430843E-002
   6.4569160997732425E-002
   6.4569160997732425E-002
   6.1054421768707484E-002
   5.9013605442176875E-002
   5.5895691609977330E-002
   5.4988662131519275E-002
   5.8673469387755105E-002
   5.7029478458049891E-002
   5.4195011337868484E-002
   5.8049886621315196E-002
   5.6859410430839002E-002
   5.8730158730158730E-002
   5.5895691609977330E-002
   5.8219954648526077E-002
   6.1621315192743768E-002
   6.2868480725623579E-002
   6.0941043083900227E-002
   6.2074829931972796E-002
   6.6043083900226757E-002
   6.2868480725623579E-002
   6.2641723356009080E-002
   6.2414965986394559E-002
   6.3548752834467120E-002
   6.4058956916099780E-002
   6.5929705215419507E-002
   6.7176870748299325E-002
   6.9217687074829934E-002
   6.8537414965986393E-002
   7.0011337868480725E-002
   6.7176870748299325E-002
   6.8197278911564629E-002
   7.3129251700680270E-002
   7.7097505668934238E-002
   7.5963718820861684E-002
   7.5680272108843538E-002
   7.6303854875283447E-002
   7.7947845804988661E-002
   7.7721088435374147E-002
   7.7834467120181411E-002
   7.8854875283446715E-002
   8.0895691609977324E-002
   7.7607709750566897E-002
   8.0102040816326534E-002
   7.7721088435374147E-002
   7.2845804988662138E-002
   7.3809523809523811E-002
   7.2335600907029479E-002
   6.9557823129251697E-002
   6.7403628117913839E-002
   6.6723356009070298E-002
   6.2755102040816330E-002
   6.5306122448979598E-002
   6.6043083900226757E-002
   6.4965986394557820E-002
   6.6269841269841270E-002
   6.7573696145124720E-002
   6.7403628117913839E-002
   6.4739229024943321E-002
   6.7290249433106575E-002
   6.3548752834467120E-002
   6.2585034013605448E-002
   6.5079365079365084E-002
   6.7687074829931970E-002
   6.4682539682539689E-002
   6.4285714285714293E-002
   6.4512471655328807E-002
   6.7006802721088443E-002
   6.6156462585034020E-002
   6.7346938775510207E-002
   6.7743764172335602E-002
   7.0011337868480725E-002
   7.3809523809523811E-002
   7.5340136054421775E-002
   7.4149659863945588E-002
   6.9841269841269843E-002
   7.1598639455782320E-002
   6.8650793650793657E-002
   6.9331065759637198E-002
   6.6780045351473930E-002
   7.0804988662131529E-002
   7.0521541950113384E-002
   7.0068027210884357E-002
   6.9217687074829934E-002
   6.7743764172335602E-002
   6.5646258503401361E-002
   6.7913832199546484E-002
   6.8990929705215420E-002
   6.7176870748299325E-002
   6.6383219954648534E-002
   7.0408163265306120E-002
   7.1541950113378688E-002
   7.3582766439909297E-002
   7.6077097505668934E-002
   7.6587301587301593E-002
   7.6530612244897961E-002
   7.2222222222222229E-002
   7.2902494331065756E-002
   7.1258503401360543E-002
   6.9727891156462593E-002
   7.0521541950113384E-002
   7.3469387755102047E-002
   7.0748299319727898E-002
   7.1485260770975056E-002
   7.4546485260770984E-002
   7.7097505668934238E-002
   7.7210884353741502E-002
   7.8287981859410438E-002
   8.1349206349206352E-002
   8.1065759637188206E-002
   8.3616780045351474E-002
   8.5544217687074833E-002
   9.0646258503401370E-002
   8.9455782312925169E-002
   9.3310657596371888E-002
   9.1553287981859410E-002
   8.8888888888888892E-002
   9.1496598639455792E-002
   9.0929705215419501E-002
   9.3594104308390033E-002
   9.1043083900226765E-002
   8.7414965986394561E-002
   8.2369614512471656E-002
   8.1575963718820865E-002
   8.2823129251700683E-002
   8.1349206349206352E-002
   8.3730158730158738E-002
   8.5884353741496597E-002
   8.7981859410430838E-002
   8.7811791383219956E-002
   8.6678004535147402E-002
   8.4863945578231292E-002
   8.1859410430839011E-002
   8.2766439909297052E-002
   7.9195011337868479E-002
   8.2936507936507947E-002
   8.1859410430839011E-002
   8.3843537414965988E-002
   8.0498866213151929E-002
   7.7154195011337870E-002
   7.1995464852607716E-002
   6.6950113378684811E-002
   6.8253968253968261E-002
   6.8707482993197289E-002
   6.5873015873015875E-002
   6.3038548752834475E-002
   6.0317460317460318E-002
   5.9807256235827666E-002
   6.1678004535147393E-002
   6.5702947845804993E-002
   6.7176870748299325E-002
   6.7290249433106575E-002
   6.6496598639455784E-002
   6.3888888888888898E-002
   6.4852607709750570E-002
   6.5419501133786848E-002
   6.5816326530612243E-002
   6.3435374149659871E-002
   6.7517006802721088E-002
   6.7233560090702957E-002
   6.9160997732426302E-002
   6.9104308390022684E-002
   6.4399092970521543E-002
   6.1848072562358282E-002
   6.1791383219954650E-002
   6.2641723356009080E-002
   6.2131519274376421E-002
   6.4795918367346939E-002
   6.5306122448979598E-002
   6.6439909297052152E-002
   6.7063492063492061E-002
   6.7687074829931970E-002
   6.8083900226757380E-002
   6.4682539682539689E-002
   6.7120181405895693E-002
   6.6893424036281179E-002
   6.9841269841269843E-002
   6.8027210884353748E-002
   7.0975056689342411E-002
   6.8707482993197289E-002
   6.9444444444444448E-002
   6.8197278911564629E-002
   6.7743764172335602E-002
   6.5816326530612243E-002
   6.8424036281179143E-002
   6.6666666666666666E-002
   6.9614512471655329E-002
   6.9331065759637198E-002
   7.0011337868480725E-002
   7.0918367346938779E-002
   7.0351473922902502E-002
   7.0181405895691620E-002
   7.3129251700680270E-002
   7.2959183673469388E-002
   7.1938775510204084E-002
   7.3129251700680270E-002
   7.5340136054421775E-002
   7.0975056689342411E-002
   7.5170068027210893E-002
   7.4319727891156470E-002
   7.5963718820861684E-002
   7.4659863945578234E-002
   7.3866213151927443E-002
   7.4319727891156470E-002
   7.3752834467120179E-002
   7.5453514739229025E-002
   7.3185941043083902E-002
   7.4036281179138325E-002
   7.1201814058956925E-002
   7.1768707482993202E-002
   7.5283446712018143E-002
   7.1995464852607716E-002
   7.0975056689342411E-002
   6.9671201814058961E-002
   7.0975056689342411E-002
   7.1088435374149661E-002
   7.2278911564625847E-002
   7.2845804988662138E-002
   6.7687074829931970E-002
   6.8310657596371879E-002
   6.6269841269841270E-002
   6.7913832199546484E-002
   6.7857142857142866E-002
   6.5532879818594111E-002
   6.9104308390022684E-002
   6.4569160997732425E-002
   6.5532879818594111E-002
   6.5306122448979598E-002
   6.8480725623582775E-002
   7.0238095238095238E-002
   6.9897959183673475E-002
   7.2732426303854875E-002
   7.3582766439909297E-002
   7.4489795918367352E-002
   7.4886621315192747E-002
   7.4999999999999997E-002
   7.5226757369614511E-002
   7.6757369614512475E-002
   7.4829931972789115E-002
   7.2562358276643993E-002
   7.4263038548752838E-002
   7.4149659863945588E-002
   7.4036281179138325E-002
   7.3356009070294784E-002
   7.4376417233560088E-002
   7.4999999999999997E-002
   7.0294784580498870E-002
   6.7630385487528352E-002
   7.2505668934240361E-002
   7.1598639455782320E-002
   7.3299319727891166E-002
   7.4433106575963720E-002
   7.2505668934240361E-002
   7.1712018140589570E-002
   6.9897959183673475E-002
   6.9160997732426302E-002
   6.6099773242630389E-002
   6.3492063492063489E-002
   6.6950113378684811E-002
   6.8140589569160998E-002
   6.9727891156462593E-002
   6.8990929705215420E-002
   7.0181405895691620E-002
   7.4716553287981866E-002
   7.5396825396825407E-002
   7.5113378684807261E-002
   7.2562358276643993E-002
   7.6643990929705225E-002
   7.4489795918367352E-002
   7.3922902494331075E-002
   7.3015873015873020E-002
   7.4546485260770984E-002
   7.1938775510204084E-002
   6.9047619047619052E-002
   7.1145124716553293E-002
   7.0351473922902502E-002
   7.4943310657596379E-002
   7.1031746031746029E-002
   7.0804988662131529E-002
   7.0294784580498870E-002
   7.0011337868480725E-002
   6.7063492063492061E-002
   6.2074829931972796E-002
   6.7006802721088443E-002
   6.5929705215419507E-002
   6.4229024943310661E-002
   6.6439909297052152E-002
   6.4512471655328807E-002
   6.0770975056689346E-002
   6.0260770975056693E-002
   6.1621315192743768E-002
   6.3945578231292516E-002
   6.2585034013605448E-002
   6.3492063492063489E-002
   6.4455782312925175E-002
   6.3378684807256239E-002
   6.4852607709750570E-002
   6.6213151927437638E-002
   6.4965986394557820E-002
   6.4852607709750570E-002
   6.1904761904761907E-002
   6.0544217687074832E-002
   6.3095238095238093E-002
   6.6043083900226757E-002
   6.5192743764172334E-002
   6.4002267573696148E-002
   6.2244897959183677E-002
   6.2244897959183677E-002
   6.1337868480725630E-002
   6.3208616780045357E-002
   6.1394557823129255E-002
   6.2755102040816330E-002
   6.1394557823129255E-002
   6.4852607709750570E-002
   6.7176870748299325E-002
   6.3662131519274384E-002
   6.8367346938775511E-002
   7.0804988662131529E-002
   6.7290249433106575E-002
   7.0918367346938779E-002
   7.2845804988662138E-002
   7.1825396825396834E-002
   7.0918367346938779E-002
   7.1712018140589570E-002
   7.3639455782312929E-002
   7.5623582766439906E-002
   7.8798185941043083E-002
   7.9308390022675743E-002
   7.7324263038548752E-002
   7.7437641723356015E-002
   7.4886621315192747E-002
   7.3526077097505679E-002
   7.4829931972789115E-002
   7.3582766439909297E-002
   7.2789115646258506E-002
   7.0181405895691620E-002
   6.8650793650793657E-002
   7.1428571428571438E-002
   7.3356009070294784E-002
   7.3412698412698416E-002
   7.4149659863945588E-002
   7.5793650793650802E-002
   7.7834467120181411E-002
   7.5340136054421775E-002
   7.6133786848072565E-002
   7.5453514739229025E-002
   7.5907029478458052E-002
   7.5963718820861684E-002
   7.7551020408163265E-002
   7.5226757369614511E-002
   7.2675736961451257E-002
   7.6020408163265316E-002
   7.6587301587301593E-002
   7.5283446712018143E-002
   7.4206349206349206E-002
   7.2335600907029479E-002
   7.0691609977324266E-002
   6.8820861678004538E-002
   6.9784580498866211E-002
   7.0294784580498870E-002
   6.6666666666666666E-002
   6.4455782312925175E-002
   6.4399092970521543E-002
   6.2585034013605448E-002
   6.5702947845804993E-002
   6.5136054421768716E-002
   6.4455782312925175E-002
   6.5873015873015875E-002
   6.2698412698412698E-002
   6.0034013605442180E-002
   5.9183673469387757E-002
   6.1678004535147393E-002
   5.9013605442176875E-002
   5.8106575963718821E-002
   5.6916099773242634E-002
   5.5158730158730164E-002
   5.2664399092970521E-002
   5.1077097505668939E-002
   5.3684807256235832E-002
   5.5385487528344671E-002
   5.3854875283446714E-002
   5.4308390022675741E-002
   5.4931972789115650E-002
   5.5045351473922907E-002
   5.8219954648526077E-002
   5.7029478458049891E-002
   5.6179138321995468E-002
   5.6292517006802725E-002
   5.6349206349206350E-002
   5.7766439909297057E-002
   5.8786848072562362E-002
   6.1507936507936511E-002
   6.2868480725623579E-002
   5.9977324263038555E-002
   5.8276643990929709E-002
   5.7709750566893425E-002
   5.9750566893424041E-002
   6.0600907029478464E-002
   6.0090702947845805E-002
